# hyperchoreography refined record 1: N=3 d=2 period=2*pi alpha=1 digits=60
shift_residual 7.152e-71
full_period_return 5.716e-68
energy -1.29297085712209404335525626423358056712585239035880534949991e+00
action_per_body 8.12397549208093767927959233528043335595758841679000715972715e+00
body 0 q 9.81806254964724349362516972466113746536523966457948671966057e-01 2.26068724221592542346112935254406352748798493150411142590764e-01
body 0 v -4.23921128517170437433365444025154785065371293476654867662365e-01 4.43181427615322637602415000462317101052107515962089024313096e-01
body 1 q -9.47843247070246534656780165912873280841656396830405005753594e-01 -2.57508746964253383924232788255592722723616348416506598098557e-01
body 1 v -5.12775069193831588314546288689140946590299736788420651819717e-01 4.20746120718554988779850136874816232133700312468139146599073e-01
body 2 q -3.39630078944778147057368065532404656948675696275436662124625e-02 3.14400227426608415781198530011863699748178552660954555077936e-02
body 2 v 9.36696197711002025747911732714295731655671030265075519482082e-01 -8.63927548333877626382265137337133333185807828430228170912169e-01
# Fourier coefficients of body 0: mode m, c_m[0..d-1], s_m[0..d-1]   (from 640 dense samples)
mode 0 -5.41883535113580624674224483498278202910973493513486445499318e-70 -8.97912140253858980300696599313120625041691502350381979827769e-69 0.00000000000000000000000000000000000000000000000000000000000e+00 0.00000000000000000000000000000000000000000000000000000000000e+00
mode 1 9.68326739679357513005058977653983763626495459880284899025018e-01 -3.03375719158177424734645643925733433077943982873424564166879e-12 -5.13120880489724611208442374920669715696237914328716855410340e-01 1.60760216314168883800126167525638319001224651260602401337252e-12
mode 2 8.74378779767023662808540673528908912564953784844459909943673e-13 2.79087711899304387295736834327605324392208569002399899930184e-01 5.93365299849810906483849495302789290094499666778792579491710e-13 1.89392706785098794615036680377244658603106717454452668382229e-01
mode 3 2.06789945733819079772457876726343972419094171506117643826412e-69 6.27755691205973063994401511406783643966492588351032713349148e-70 -2.10717299011076424048278738342921528809342567491367569604278e-69 5.20691185761795133983695046552004419337292467058105889956695e-69
mode 4 -1.62200382199710121775151596748714148777824418644217781889783e-13 -5.17717659495022906249526367686819329163687971652914325149255e-02 6.44729606144417429264597936731830336052474380089910088942956e-14 2.05787371258630895849488606254413522034236738555484142971981e-02
mode 5 1.92488526026347093692300975490413290467270198862995105357874e-02 -6.03064468014974066651694495137991941894863773108324916763461e-14 1.63840092774557200709217973536189219432212372993769171426036e-02 -5.13309236806603880874606979233122222553642430350422628973233e-14
mode 6 1.54935705027378264336137527070098765502275279507484987535940e-70 -2.52091701573114588130821469701688373870311288368441221954627e-70 -3.77048677250689512911165213655849096843492742221041731232543e-70 2.10385480773288678005488115408869205625006273889077556520022e-69
mode 7 -5.63866567186543825881057444430694020303575761318683866495392e-03 1.76658785015184868250134922370422943788040417826437658103577e-14 1.55688375181630856212130374097390633567479014123279868114138e-03 -4.87769993844591973511710115471285471670268285589812719923256e-15
mode 8 -6.43270966260494937315383511786163154561192900957433897853693e-15 -2.05321796753497705094889231729145158943657796517344817551227e-03 -6.81320344959009833992832868653845328373218797609041082608644e-15 -2.17466549446361654525411552097380217414909043886033637635834e-03
mode 9 -3.54787083129279792026358157749499982620291014825205910637585e-71 9.09038676698224838599420915299481612693446498399900306388934e-71 -4.09841145097229501095283810736581802259246851448507748773775e-70 1.29245848858207392308058468231891006572005582063413009814333e-69
mode 10 2.48111597097549283885425711114003691381278968879876714736659e-15 7.91932507191989204505795425553514448147117754899157272706250e-04 -4.01553686046953887843624087617254446487342790343446092180205e-16 -1.28169509641389574405619361475387082936616847101704028641529e-04
mode 11 -2.54146156781009328993143789825368213674518927189450934018335e-04 7.96237157617441831260944398013458811141657072776375735473517e-16 -3.35888037498330467947391947677819833715046850840430831432251e-04 1.05233358490572260314791854254280613743632909583543961474755e-15
mode 12 2.45287930248936128473239031998719068452443640106843456413331e-71 9.93954518429995984423405673433695824282055231670640953875053e-71 -3.07867444211533786212989553893207897289120186807614437732719e-70 1.02380108140005580468117696985627947975295914668795594549996e-69
mode 13 1.22233490578224630364512288061847509450899452348282488930289e-04 -3.82956202589865530897025390311361627326687916547555421076153e-16 -6.30168344377703245721168396387354242332525076869947565561756e-06 1.97431060025883950802598369217329151546135917312976617728877e-17
mode 14 1.08696884833352087469474949884820156591160836720523646412246e-16 3.46943059240360204996310359803647510108141138738808584933210e-05 1.81831168203622169697457252939441360334862083956140425810069e-16 5.80375986474052443434227392137539555166221335535131878488301e-05
mode 15 1.37457349007346816054807244882974120494654807137165494921632e-71 6.59877084066643487378847499869298177069844338181599078067741e-71 -2.27061541161246368433059581669747992239127323374927295831472e-70 8.03791277990236198293204515726158845390492726039360109655318e-70
mode 16 -6.45648927449464139164516914567234281670899008031920013571869e-17 -2.06080803905285623175147617933424662746423673988835098027065e-05 -3.71236442314749672357798404031311289773566248294020449883122e-18 -1.18492730675448907017886682440374396897934590884373259443763e-06
mode 17 4.76033648691119967188186258234683691837347395968543986329587e-06 -1.49140826745092871439240624595487424249151275120168636811728e-17 1.03838052213001003626895139976905689936100008665198491056413e-05 -3.25323493354472579268554715672812779495625688156614144965444e-17
mode 18 1.57916792220069236182327350580599918977939136638932615099478e-73 6.45430658451228889818086624370037430890135165206536690280823e-71 -1.96333716977373622258489069865672530605331716612824296138820e-70 6.69304426622580865057193442354982908417490841635384823990640e-70
mode 19 -3.55099659595194234633177198157379355725623868872494803115913e-06 1.11252338893572510640624314134582235897659005805731195219838e-17 -5.96323094950524249708845256446632389543744306783418291545886e-07 1.86827380023761618852941990121939016031180734708876872476163e-18
mode 20 -2.02592772520377402978513122274350840481262734147383631724113e-18 -6.46643704518008403520869888084594438748116270916375740827609e-07 -6.09494906000352830642176128582516224523578277015229916157547e-18 -1.94541018910870107936705135559467772326960890702001322458968e-06
mode 21 -5.91818456901824765229123196862113464975754068833199244746016e-72 6.26613365648139760013548833947622176137107709010626419631155e-71 -1.61515389056219688424324486578877562935447445273492139400769e-70 5.70176760519577456471182724569814665462904840977749612187013e-70
mode 22 1.99507776893965940720550416123035583823034150352849622243230e-18 6.36796892238049554643529102021657545055103112320451561660747e-07 5.63603338385182066799974981179390025441030317938863053808436e-19 1.79893165031567560366235593832596410664063067074898009048141e-07
mode 23 -7.90042445980498944834316383855440886314155003106162831627147e-08 2.47519442966311822264072220279283797556505783651838854071329e-19 -3.67130352708136997713786870408990237761101425587777027257176e-07 1.15021542020524173334995046301666915877507397597982006341506e-18
mode 24 -7.98677165132041545766497699182732952350634465598161797699445e-72 6.31038782688619855152538232577723512146558042146708645071794e-71 -1.47156337777320093173856040953243282915620940997112403511795e-70 4.95933511763936300191898784621534049863476870264192765548949e-70
mode 25 1.14332117514567299918934094909274577806897708949121879689044e-07 -3.58201286327635263165369122783060895952980339116497888256412e-19 4.62322774272629663688511513291147102805493493632896005055151e-08 -1.44845224634203827861764749340256646762935725314609864599268e-19
mode 26 2.29881228467209751960343136981750644713713133160798125764006e-20 7.33744088329880404491100579592841121464620058104640206727862e-09 2.22357259092827161125935179463405102424859281839131316604176e-19 7.09728782312774433715766148273990991133695659007071147670446e-08
mode 27 -1.12792388623594098653967244551569862169438162331532941311931e-71 6.14351740674051237004382451819888867266072082605322933014049e-71 -1.28761031135238214833636639316413006543148660902084172040957e-70 4.42071962738341203324615876299889203635513073520114025602036e-70
mode 28 -6.55673162397404227894776903373048884273677191463283975083488e-20 -2.09280379260839273898162512375448579864453624263278854693135e-08 -3.52436653895124957891070172698337377115312644096559170921334e-20 -1.12492139106172606545064361987962365965496373882186119408843e-08
mode 29 -8.10999425370204335113202967663450657405285754240170704119171e-11 2.54085241919504263391510131305518712189512818346763504138727e-22 1.36851038933663749752229695141577666694357193652836847248493e-08 -4.28752823326882571205973648085529146565159122055189923543718e-20
mode 30 -1.15339786447738548155645151503275116527929653671081161683775e-71 6.33181798408169731635871389381626597788174162425660077170123e-71 -1.17531277428025104524501029921456306922748588430733842587610e-70 3.95010395022555986001282595465495964992050860969649577003448e-70
mode 31 -3.79636585146602435375080560271776264321979199491478103423542e-09 1.18939731103307446406039286788002084763015288540359972063472e-20 -2.60925647537225178058902813844683648628977520202517828110574e-09 8.17477228756799670762082178814743623197659305001201352754669e-21
mode 32 9.66633259422793361003174255900003576226413275639314293278843e-22 3.08533865254547006824429573342103404367748772476490481010370e-10 -8.37798147862699816171699508145056900775792887740750571995071e-21 -2.67411759675568288960289581665097051853206494080890752707321e-09
mode 33 -1.04111672105649055919038780543458193219688531193113457274478e-71 6.10018726270133524269401887997653970143168312818889928013144e-71 -1.07867982074387758006789951397846192343314973333349014821934e-70 3.61165743704586288183863133459675760409802661292747177468970e-70
mode 34 2.17052459872219352676667395150311521572030052075864711875964e-21 6.92796712244020893422657169879629539830978967704124478431060e-10 1.86977556909810159689629644690822694323279709513425218055613e-21 5.96802435534688670200061101752896885675506659735157282730770e-10
mode 35 1.18043581296806031314444653443292089584416672672321611164299e-10 -3.69829262174290563206450145593834021403996914984156455973233e-22 -5.18582724266083441942415489187576027913671944160414176585022e-10 1.62471406055899196848461919710990999190711437535120015811806e-21
mode 36 -1.27905795816045573535535820453809072342818464190447628769166e-71 6.01377910345118301317553737228907058078874603079456214217266e-71 -9.73453101912386774383334378990485829220355528154471982644561e-71 3.30340368851868005926206533125692210283019460378001970228028e-70
mode 37 1.24159603026181002604386632194798061222104894221003815482054e-10 -3.88990692035770674299742717376252017683242562042065138854794e-22 1.33074679475173478253190698589472097645480418304464231080108e-10 -4.16921530029140601225077202553682407790864495172822825513611e-22
mode 38 -1.09581407167388376526149760051889741876497758557457336768420e-22 -3.49766312961085166442690475724596206698945190150602201748933e-11 3.17067700442133766487326327612882447203820246646518659969233e-22 1.01202935250952755383575461028524739454719018379075993412012e-10
mode 39 -1.29198995925282748818835446773328679231895942776571815906114e-71 6.05061137675421080422202229566635007845766269576295885677382e-71 -8.99889523303371882173512425955194735323880076915778165716908e-71 3.03951410387216195388094296850271936600599466556233930598924e-70
mode 40 -6.91691139958194662479971616899877948196306220921767896795789e-23 -2.20776741223511642596435464137835461672020041634381542812208e-11 -9.25509917867561152255628786024305053843372867044665883367020e-23 -2.95407952817191921771177406045091154225876706537398794768729e-11
